Webots Project File version 8.3.0
perspectives: 000000ff00000000fd0000000200000001000002560000038cfc0200000001fb0000001400540065007800740045006400690074006f007200000000000000038c0000004600ffffff00000003000002f7000000dcfc0100000001fb0000000e0043006f006e0073006f006c00650100000000000002f70000004f00ffffff000002f70000038c00000001000000020000000100000008fc00000000
simulationViewPerspectives: 000000ff0000000100000002000000fb000002250100000006010000000100
sceneTreePerspectives: 000000ff0000000100000002000000c0000000a80100000006010000000200
minimizedPerspectives: 000000ff00000000fd0000000200000001000001bb0000038cfc0200000001fb0000001400540065007800740045006400690074006f007200000000000000038c000000a900ffffff00000003000004ae000000dcfc0100000001fb0000000e0043006f006e0073006f006c00650100000000000004ae0000004f00ffffff000004ae0000038c00000001000000020000000100000008fc00000000
maximizedDockId: -1
centralWidgetVisible: 1
orthographicViewHeight: 1
textFiles: -1
renderingDevicePerspectives: 7;0;0.26784;0.721116;0.162146
renderingDevicePerspectives: 329;0;6;1.07669;0.00235849
