Webots Project File version 8.3.0
perspectives: 000000ff00000000fd0000000200000001000001030000038cfc0200000001fb0000001400540065007800740045006400690074006f007201000000000000038c000000a900ffffff00000003000003be000000dcfc0100000001fb0000000e0043006f006e0073006f006c00650100000000000003be0000004f00ffffff000002b50000038c00000001000000020000000100000008fc00000000
simulationViewPerspectives: 000000ff00000001000000020000019b000004b70100000006010000000100
sceneTreePerspectives: 000000ff0000000100000002000000c0000001110100000006010000000200
minimizedPerspectives: 
maximizedDockId: -1
centralWidgetVisible: 1
orthographicViewHeight: 1
textFiles: 1 "controllers/sick_terrain_scanning/sick_terrain_scanning.c" "controllers/sick_terrain_scanning_supervisor/sick_terrain_scanning_supervisor.c"
renderingDevicePerspectives: 7;1;1;0.164855;0.875
renderingDevicePerspectives: 459;1;6;0.980072;0.00471698
renderingDevicePerspectives: 15;0;0;0.00181159;0.00117925
